387,410,184,171,002,001
387,-410,184,171,002,001
387,410,-184,171,002,001
387,410,184,-171,002,001
387,410,184,171,0-02,001
387,410,184,171,002,-001
215,410,121,125,171,002,001
215,-410,121,125,171,002,001
215,410,-121,125,171,002,001
215,410,121,-125,171,002,001
215,410,121,125,-171,002,001
215,410,121,125,171,-002,001
215,410,121,125,171,002,-001
184,410,001,171,002,001
184,-410,001,171
184,410,-001,171
184,410,001,-171
101,410,171,002,001
101,-410,171,002,001
101,410,-171,002,001
101,410,171,-002,001
101,410,171,002,-001
405,410,438,171,002,001
405,-410,438,171,002,001
405,410,-438,171,002,001
405,410,438,-171,002,001
405,410,438,171,-002,001
405,410,438,171,002,-001
390,410,168,002,171,001
390,-410,168,002,171,001
390,410,-168,002,171,001
390,410,168,-002,171,001
390,410,168,002,-171,001
390,410,168,002,171,-001
410,410,171,002,001
410,-410,171,002,001
410,410,-171,002,001
410,410,171,-002,001
410,410,171,002,-001
171,410,001
171,410,-001

